[gd_scene load_steps=19 format=3 uid="uid://bx06fmpvnds2e"]

[ext_resource type="Script" uid="uid://y3nndcqv4nec" path="res://Scripts/Menus/main_menu.gd" id="1_dlmu3"]
[ext_resource type="Texture2D" uid="uid://uh1rsyf0kudu" path="res://ressources/screenshots_main_menu.png" id="2_6pxni"]
[ext_resource type="Texture2D" uid="uid://caj58plunhaky" path="res://materials/facade/Facade018A_1K-JPG_Color.jpg" id="2_bc4i4"]
[ext_resource type="Script" uid="uid://djjmxcwng0bde" path="res://Scripts/Menus/scene_changer_button.gd" id="3_6pxni"]
[ext_resource type="Texture2D" uid="uid://3acqnn6wfnkw" path="res://materials/facade/Facade018A_1K-JPG_AmbientOcclusion.jpg" id="3_li0tr"]
[ext_resource type="Material" uid="uid://crdfm6udt74u2" path="res://Shader_materials/main.tres" id="4_5jqb4"]
[ext_resource type="Texture2D" uid="uid://cgsl3xy52lxtq" path="res://materials/facade/Facade018A_1K-JPG_NormalDX.jpg" id="4_68qe0"]
[ext_resource type="PackedScene" uid="uid://bllnq712q5xvu" path="res://Scenes/Cars/delorean.tscn" id="4_d77ou"]
[ext_resource type="Texture2D" uid="uid://wd832pce0aj7" path="res://materials/facade/Facade018A_1K-JPG_Displacement.jpg" id="5_l8nuj"]
[ext_resource type="Texture2D" uid="uid://djms56qfvby4i" path="res://materials/facade/Facade018A_1K-JPG_Metalness.jpg" id="6_ao2u5"]
[ext_resource type="Texture2D" uid="uid://bjtmiba1ggl7v" path="res://materials/facade/Facade018A_1K-JPG_NormalGL.jpg" id="7_ao7cs"]
[ext_resource type="Texture2D" uid="uid://cr2dltjrhfq3v" path="res://materials/facade/Facade018A_1K-JPG_Roughness.jpg" id="8_k1a3l"]

[sub_resource type="LabelSettings" id="LabelSettings_c4tk2"]
font_size = 151

[sub_resource type="StandardMaterial3D" id="StandardMaterial3D_k4epq"]
albedo_texture = ExtResource("2_bc4i4")
metallic = 1.0
metallic_texture = ExtResource("6_ao2u5")
metallic_texture_channel = 4
roughness_texture = ExtResource("8_k1a3l")
roughness_texture_channel = 4
normal_enabled = true
normal_texture = ExtResource("7_ao7cs")
bent_normal_enabled = true
bent_normal_texture = ExtResource("4_68qe0")
ao_enabled = true
ao_texture = ExtResource("3_li0tr")
heightmap_deep_parallax = true
heightmap_min_layers = 30
heightmap_max_layers = 32
heightmap_texture = ExtResource("5_l8nuj")
uv1_scale = Vector3(0.6, 0.6, 0.6)
uv1_triplanar = true
stencil_flags = 2
stencil_color = Color(0, 0, 0, 0.35686275)
stencil_outline_thickness = 0.51

[sub_resource type="ProceduralSkyMaterial" id="ProceduralSkyMaterial_c4y1p"]
sky_top_color = Color(0.3076923, 0.46330374, 0.61647546, 1)
sky_horizon_color = Color(0.5446337, 0.559783, 0.42403165, 1)
sky_curve = 0.12183788
ground_bottom_color = Color(0.26613072, 0.19825402, 0.11836723, 1)
ground_horizon_color = Color(0.54509807, 0.56078434, 0.42352942, 1)
sun_angle_max = 182.31
sun_curve = 0.27990982

[sub_resource type="Sky" id="Sky_1ojwa"]
sky_material = SubResource("ProceduralSkyMaterial_c4y1p")

[sub_resource type="Environment" id="Environment_5ajv1"]
background_mode = 2
sky = SubResource("Sky_1ojwa")
glow_enabled = true
glow_normalized = true
glow_bloom = 0.9
fog_enabled = true
fog_aerial_perspective = 0.382
fog_sky_affect = 0.71

[sub_resource type="CameraAttributesPractical" id="CameraAttributesPractical_bc4i4"]
dof_blur_far_enabled = true
dof_blur_far_distance = 5.16
dof_blur_amount = 0.17

[node name="Control" type="Control"]
layout_mode = 3
anchors_preset = 15
anchor_right = 1.0
anchor_bottom = 1.0
grow_horizontal = 2
grow_vertical = 2
script = ExtResource("1_dlmu3")

[node name="TextureRect" type="TextureRect" parent="."]
visible = false
modulate = Color(0.3835404, 0.36695746, 0.35708934, 1)
layout_mode = 1
anchors_preset = 15
anchor_right = 1.0
anchor_bottom = 1.0
grow_horizontal = 2
grow_vertical = 2
texture = ExtResource("2_6pxni")

[node name="Panel2" type="Panel" parent="."]
layout_mode = 0
offset_left = 92.0
offset_top = 212.0
offset_right = 899.0
offset_bottom = 1010.0

[node name="GridContainer" type="GridContainer" parent="Panel2"]
layout_mode = 1
anchors_preset = 8
anchor_left = 0.5
anchor_top = 0.5
anchor_right = 0.5
anchor_bottom = 0.5
offset_left = -323.0
offset_top = -305.5
offset_right = 323.0
offset_bottom = 305.5
grow_horizontal = 2
grow_vertical = 2
columns = 2

[node name="SceneChangerButton" type="Button" parent="Panel2/GridContainer"]
layout_mode = 2
size_flags_horizontal = 4
text = "Test Map"
script = ExtResource("3_6pxni")
next_scene_path = "res://Scenes/Maps/test scene.tscn"
metadata/_custom_type_script = "uid://djjmxcwng0bde"

[node name="SceneChangerButton2" type="Button" parent="Panel2/GridContainer"]
visible = false
layout_mode = 2
size_flags_horizontal = 4
text = "Test Map 2"
script = ExtResource("3_6pxni")
next_scene_path = "res://Scenes/Maps/test scene 2.tscn"
metadata/_custom_type_script = "uid://djjmxcwng0bde"

[node name="SceneChangerButton3" type="Button" parent="Panel2/GridContainer"]
layout_mode = 2
size_flags_horizontal = 4
text = "Circuit"
script = ExtResource("3_6pxni")
next_scene_path = "res://Scenes/Maps/circuit.tscn"
metadata/_custom_type_script = "uid://djjmxcwng0bde"

[node name="SceneChangerButton4" type="Button" parent="Panel2/GridContainer"]
layout_mode = 2
size_flags_horizontal = 4
text = "Ravins
"
script = ExtResource("3_6pxni")
next_scene_path = "res://Scenes/Maps/collines.tscn"
metadata/_custom_type_script = "uid://djjmxcwng0bde"

[node name="Label" type="Label" parent="."]
layout_mode = 1
anchors_preset = 5
anchor_left = 0.5
anchor_right = 0.5
offset_left = -197.5
offset_right = 197.5
offset_bottom = 207.0
grow_horizontal = 2
text = "Maps"
label_settings = SubResource("LabelSettings_c4tk2")

[node name="CSGBox3D2" type="CSGBox3D" parent="."]
transform = Transform3D(1, 0, 0, 0, 1, 0, 0, 0, 1, 0, 0.13108706, 13.57)
size = Vector3(14.04, 4.51, 2.18)
material = SubResource("StandardMaterial3D_k4epq")

[node name="CSGBox3D3" type="CSGBox3D" parent="."]
transform = Transform3D(1, 0, 0, 0, 1, 0, 0, 0, 1, 2.465, -0.584, 10.895)
size = Vector3(4.775, 7.585, 2.18)
material = SubResource("StandardMaterial3D_k4epq")

[node name="CSGBox3D4" type="CSGBox3D" parent="."]
transform = Transform3D(0.56784374, 0, 0.8231363, 0, 1, 0, -0.8231363, 0, 0.56784374, 20.735, -0.584, 3.49)
size = Vector3(4.775, 28.41, 2.18)
material = SubResource("StandardMaterial3D_k4epq")

[node name="CSGBox3D7" type="CSGBox3D" parent="."]
transform = Transform3D(0.5678437, -0.6268499, 0.53349096, 0, 0.64811987, 0.76153827, -0.82313627, -0.43243477, 0.3680308, 16.58, -0.584, 32.53)
size = Vector3(10.675, 36.38, 5.525)
material = SubResource("StandardMaterial3D_k4epq")

[node name="CSGBox3D8" type="CSGBox3D" parent="."]
transform = Transform3D(0.9933726, 0.08752904, -0.07449304, 0, 0.64811987, 0.7615382, 0.114937134, -0.7564914, 0.6438245, 16.58, -0.584, 32.53)
size = Vector3(7.035, 37.295, 3.89)
material = SubResource("StandardMaterial3D_k4epq")

[node name="CSGBox3D5" type="CSGBox3D" parent="."]
transform = Transform3D(-0.059306413, 0, 0.99823976, 0, 1, 0, -0.99823976, 0, -0.059306413, 26.035, -0.584, 15.35)
size = Vector3(51.265, 24.23, 2.18)
material = SubResource("StandardMaterial3D_k4epq")

[node name="CSGBox3D6" type="CSGBox3D" parent="."]
transform = Transform3D(-0.6170359, 0, -0.7869349, 0, 1, 0, 0.7869349, 0, -0.6170359, 13.33, -0.584, -3.525)
size = Vector3(8.625, 8.345, 1.06)
material = SubResource("StandardMaterial3D_k4epq")

[node name="CSGBox3D" type="CSGBox3D" parent="."]
transform = Transform3D(1, 0, 0, 0, 1, 0, 0, 0, 1, 0, -0.86891294, 0)
material_override = ExtResource("4_5jqb4")
size = Vector3(100, 1, 77.525)

[node name="Car" parent="." instance=ExtResource("4_d77ou")]
process_mode = 4
transform = Transform3D(1, 0, 0, 0, 1, 0, 0, 0, 1, 0, 0, -1)

[node name="Camera3D" type="Camera3D" parent="."]
transform = Transform3D(-0.70291203, -0.104148075, -0.70361054, -0.24241051, 0.9650765, 0.099319726, 0.6686941, 0.24037562, -0.70361054, -1.393, 0.797, -4.262)
environment = SubResource("Environment_5ajv1")
attributes = SubResource("CameraAttributesPractical_bc4i4")
fov = 66.0
size = 0.095
frustum_offset = Vector2(-0.01, 0)

[node name="DirectionalLight3D" type="DirectionalLight3D" parent="."]
transform = Transform3D(-0.8553643, 0.50868106, -0.09795655, 0, 0.18909548, 0.9819587, 0.51802695, 0.83993244, -0.16174553, 0, 0, 0)
light_color = Color(0.9258394, 0.59875685, 0.4600165, 1)
light_energy = 1.865
shadow_enabled = true
directional_shadow_max_distance = 297.0
